0 0.2203125 0.49296875 0.2265625 0.23671875
0 0.103125 0.390625 0.1921875 0.20625
0 0.1265625 0.5703125 0.1640625 0.171875
0 0.36953125 0.33671875 0.215625 0.259375
0 0.61640625 0.34765625 0.2109375 0.259375
0 0.47421875 0.12734375 0.21015625 0.2046875
0 0.7265625 0.140625 0.2140625 0.24296875
0 0.8921875 0.28203125 0.13828125 0.2359375
0 0.80859375 0.53046875 0.1953125 0.1953125
0 0.6328125 0.61875 0.13984375 0.18515625
0 0.4953125 0.54453125 0.1484375 0.23828125
0 0.15625 0.2 0.10390625 0.16328125
0 0.28984375 0.1234375 0.1640625 0.16171875
0 0.90078125 0.13203125 0.13515625 0.1453125
0 0.94453125 0.4703125 0.09375 0.146875
0 0.6171875 0.3484375 0.23671875 0.3171875
0 0.29921875 0.58359375 0.18515625 0.2296875